# z[m]  mass[kg]  radius[m]  G[-]  rho_org[kg/m3]  age[days]  skin_width[m]
  6.83309351E+04   1.05000000E-12   5.75371798E-06   1.23665212E-01   1.31849079E+03   2.50000000E-01   5.04218323E-06
  8.84557494E+04   1.05000000E-12   6.97627311E-06   3.45438861E-01   7.70036909E+02   2.50000000E-01   4.56639727E-06
  5.98574208E+04   1.05000000E-12   8.35080600E-06   5.60369351E-01   5.22359106E+02   2.50000000E-01   3.67127026E-06
  2.43217268E+04   1.05000000E-12   6.46342562E-06   1.00964920E-01   9.29307925E+02   2.50000000E-01   5.81084637E-06
  6.81605829E+04   1.05000000E-12   6.36788391E-06   3.96913342E-01   1.03551837E+03   2.50000000E-01   3.84038582E-06
  4.91293796E+04   1.05000000E-12   7.51810720E-06   6.76294873E-01   8.54079689E+02   2.50000000E-01   2.43364985E-06
  5.31947162E+04   1.05000000E-12   9.37495854E-06   9.21493887E-01   1.39864752E+03   2.50000000E-01   7.35991559E-07
  7.23825078E+04   1.05000000E-12   7.88519986E-06   4.01495158E-01   5.46664780E+02   2.50000000E-01   4.71933029E-06
  9.28971575E+04   1.05000000E-12   5.60076448E-06   9.62798772E-02   1.42806027E+03   2.50000000E-01   5.06152357E-06
  8.70506266E+04   1.05000000E-12   6.06922943E-06   1.24367000E-01   1.12340471E+03   2.50000000E-01   5.31441758E-06
  6.10043127E+04   1.05000000E-12   6.03296675E-06   3.05282463E-02   1.14161654E+03   2.50000000E-01   5.84879085E-06
  2.29926829E+04   1.05000000E-12   6.98127198E-06   7.68464853E-01   1.34881250E+03   2.50000000E-01   1.61640983E-06
  9.68752883E+04   1.05000000E-12   6.45546836E-06   5.56462833E-01   1.12576903E+03   2.50000000E-01   2.86324015E-06
  8.47376135E+04   1.05000000E-12   6.15101068E-06   5.78218167E-01   1.33524074E+03   2.50000000E-01   2.59438456E-06
  9.92154338E+04   1.05000000E-12   7.03847849E-06   5.45701994E-01   8.58384927E+02   2.50000000E-01   3.19756675E-06
  5.85851342E+04   1.05000000E-12   1.06542477E-05   9.49457495E-01   1.43843241E+03   2.50000000E-01   5.38492368E-07
  3.11645678E+04   1.05000000E-12   5.97122949E-06   2.75600871E-01   1.20253357E+03   2.50000000E-01   4.32555345E-06
  8.70605747E+04   1.05000000E-12   6.57548210E-06   1.33784603E-01   8.83810310E+02   2.50000000E-01   5.69578384E-06
  2.88198982E+04   1.05000000E-12   8.83120320E-06   6.75963530E-01   5.26597339E+02   2.50000000E-01   2.86163191E-06
  4.59547506E+04   1.05000000E-12   5.88509940E-06   4.39961012E-01   1.34429561E+03   2.50000000E-01   3.29588511E-06
  4.71334948E+04   1.05000000E-12   6.72805796E-06   5.52366037E-01   9.89887131E+02   2.50000000E-01   3.01170725E-06
  9.80543226E+04   1.05000000E-12   8.25811793E-06   6.85983049E-01   6.57269770E+02   2.50000000E-01   2.59318901E-06
  3.16271745E+04   1.05000000E-12   7.73509409E-06   4.25049738E-01   5.86684481E+02   2.50000000E-01   4.44729438E-06
  2.82551238E+04   1.05000000E-12   6.06443719E-06   4.68436510E-01   1.25266583E+03   2.50000000E-01   3.22363340E-06
  7.97532225E+04   1.05000000E-12   8.03729061E-06   5.78861925E-01   5.98988047E+02   2.50000000E-01   3.38480909E-06
  9.62076565E+04   1.05000000E-12   7.54949611E-06   4.00217542E-01   6.22471429E+02   2.50000000E-01   4.52805534E-06
  7.68311574E+04   1.05000000E-12   1.16711433E-05   9.51460645E-01   1.13709323E+03   2.50000000E-01   5.66509763E-07
  2.31868648E+04   1.05000000E-12   7.89980639E-06   7.72434640E-01   9.43112818E+02   2.50000000E-01   1.79772229E-06
  9.42006773E+04   1.05000000E-12   1.83145726E-05   9.87075647E-01   1.06611813E+03   2.50000000E-01   2.36704001E-07
  3.74685360E+04   1.05000000E-12   7.24128745E-06   8.14877213E-01   1.43858018E+03   2.50000000E-01   1.34052732E-06
  2.45363518E+04   1.05000000E-12   8.04341541E-06   7.71453039E-01   8.90594887E+02   2.50000000E-01   1.83829815E-06
  5.92045806E+04   1.05000000E-12   7.43127131E-06   6.49828760E-01   8.41819262E+02   2.50000000E-01   2.60221749E-06
  2.07953282E+04   1.05000000E-12   7.06634824E-06   7.98672529E-01   1.44822872E+03   2.50000000E-01   1.42265002E-06
  3.97599747E+04   1.05000000E-12   6.83122799E-06   5.53577686E-01   9.46977049E+02   2.50000000E-01   3.04961261E-06
  3.08480502E+04   1.05000000E-12   6.04444696E-06   3.04467501E-01   1.16805941E+03   2.50000000E-01   4.20410930E-06
  8.16183938E+04   1.05000000E-12   7.32159741E-06   7.85017810E-01   1.23719893E+03   2.50000000E-01   1.57401305E-06
  7.53729669E+04   1.05000000E-12   9.19819154E-06   9.22254269E-01   1.49416005E+03   2.50000000E-01   7.15120121E-07
  5.37675133E+04   1.05000000E-12   6.34098468E-06   3.29801756E-01   1.01975538E+03   2.50000000E-01   4.24971679E-06
  7.89537660E+04   1.05000000E-12   1.05817807E-05   9.37615289E-01   1.20392614E+03   2.50000000E-01   6.60141330E-07
  8.43833727E+04   1.05000000E-12   7.95120954E-06   8.46353317E-01   1.26644311E+03   2.50000000E-01   1.22167697E-06
  9.12855879E+04   1.05000000E-12   6.28849420E-06   3.59397430E-01   1.05707189E+03   2.50000000E-01   4.02842554E-06
  9.40797585E+04   1.05000000E-12   8.17653345E-06   4.96722214E-01   5.22606117E+02   2.50000000E-01   4.11506766E-06
  6.70819933E+04   1.05000000E-12   6.57902429E-06   3.74262417E-01   9.28970847E+02   2.50000000E-01   4.11674276E-06
  8.81920082E+04   1.05000000E-12   6.21713903E-06   4.07011403E-01   1.11852345E+03   2.50000000E-01   3.68669255E-06
  5.63652213E+04   1.05000000E-12   6.44070001E-06   5.24746543E-01   1.09667574E+03   2.50000000E-01   3.06096495E-06
  7.50647059E+04   1.05000000E-12   6.62856223E-06   1.71786795E-01   8.65067412E+02   2.50000000E-01   5.48986277E-06
  4.22128724E+04   1.05000000E-12   5.82296711E-06   2.11600584E-01   1.28174598E+03   2.50000000E-01   4.59082386E-06
  1.02328944E+05   1.05000000E-12   6.62698507E-06   5.95448578E-01   1.09179897E+03   2.50000000E-01   2.68095623E-06
  9.35493841E+04   1.05000000E-12   5.81242043E-06   5.19661432E-01   1.48490832E+03   2.50000000E-01   2.79192971E-06
  3.71529842E+04   1.05000000E-12   6.34065867E-06   5.06249981E-01   1.12993041E+03   2.50000000E-01   3.13070034E-06
  6.59541331E+04   1.05000000E-12   6.86869501E-06   7.61578025E-01   1.38555214E+03   2.50000000E-01   1.63764783E-06
  1.01446011E+05   1.05000000E-12   7.41193287E-06   7.47300792E-01   1.05654601E+03   2.50000000E-01   1.87298956E-06
  4.31128471E+04   1.05000000E-12   6.26213582E-06   6.16843614E-01   1.33384464E+03   2.50000000E-01   2.39937733E-06
  4.48172842E+04   1.05000000E-12   1.21156828E-05   9.14819520E-01   6.01330985E+02   2.50000000E-01   1.03201968E-06
  2.78509845E+04   1.05000000E-12   7.77004669E-06   7.18964902E-01   8.50396839E+02   2.50000000E-01   2.18365584E-06
  4.18145881E+04   1.05000000E-12   6.84665572E-06   6.04434233E-01   1.00237426E+03   2.50000000E-01   2.70830262E-06
  3.87765403E+04   1.05000000E-12   1.25543863E-05   9.17277330E-01   5.55122893E+02   2.50000000E-01   1.03853236E-06
  5.20470646E+04   1.05000000E-12   7.75056893E-06   3.00582655E-01   5.53423326E+02   2.50000000E-01   5.42088234E-06
  2.84618167E+04   1.05000000E-12   7.25855170E-06   8.23051183E-01   1.48143439E+03   2.50000000E-01   1.28439213E-06
  6.48870088E+04   1.05000000E-12   5.65729364E-06   8.05877802E-02   1.38516619E+03   2.50000000E-01   5.20138490E-06
  2.02114348E+04   1.05000000E-12   6.74272444E-06   2.60680805E-01   8.32447189E+02   2.50000000E-01   4.98502560E-06
  6.07223386E+04   1.05000000E-12   6.79687770E-06   5.18851976E-01   9.27922462E+02   2.50000000E-01   3.27030427E-06
  6.20434189E+04   1.05000000E-12   5.94189227E-06   4.05570271E-01   1.28029569E+03   2.50000000E-01   3.53203742E-06
  3.76227367E+04   1.05000000E-12   6.88307710E-06   2.08970384E-01   7.75772020E+02   2.50000000E-01   5.44471784E-06
  5.53586583E+04   1.05000000E-12   5.69587261E-06   3.11040579E-01   1.39858655E+03   2.50000000E-01   3.92422510E-06
  9.26895758E+04   1.05000000E-12   7.90050301E-06   5.97592138E-01   6.46231320E+02   2.50000000E-01   3.17922452E-06
  9.97380680E+04   1.05000000E-12   8.27110727E-06   8.85145778E-01   1.44535521E+03   2.50000000E-01   9.49971594E-07
  9.70265563E+04   1.05000000E-12   6.86131669E-06   1.44852799E-01   7.78395430E+02   2.50000000E-01   5.86743576E-06
  4.62146342E+04   1.05000000E-12   7.40359097E-06   4.54850197E-01   6.81859340E+02   2.50000000E-01   4.03606615E-06
  6.78019548E+04   1.05000000E-12   6.04155371E-06   5.35757740E-01   1.34329835E+03   2.50000000E-01   2.80474455E-06
  5.15314816E+04   1.05000000E-12   5.87981882E-06   7.71141036E-02   1.23369572E+03   2.50000000E-01   5.42640186E-06
  3.90978555E+04   1.05000000E-12   7.09252699E-06   4.17091234E-01   7.57550442E+02   2.50000000E-01   4.13429616E-06
  4.68529370E+04   1.05000000E-12   8.54942435E-06   7.09248324E-01   6.23630651E+02   2.50000000E-01   2.48575946E-06
  8.69060113E+04   1.05000000E-12   9.97485321E-06   9.33361461E-01   1.35143871E+03   2.50000000E-01   6.64709645E-07
  5.64955685E+04   1.05000000E-12   7.71676299E-06   7.73362669E-01   1.01496094E+03   2.50000000E-01   1.74890657E-06
  9.81326838E+04   1.05000000E-12   5.77042257E-06   1.84541010E-01   1.31285216E+03   2.50000000E-01   4.70554296E-06
  5.32693791E+04   1.05000000E-12   6.33132363E-06   2.02467967E-01   9.95948219E+02   2.50000000E-01   5.04943341E-06
  2.05075343E+04   1.05000000E-12   6.41114578E-06   5.93707984E-01   1.20300827E+03   2.50000000E-01   2.60479734E-06
  6.18043024E+04   1.05000000E-12   5.83955226E-06   2.07935963E-01   1.27023557E+03   2.50000000E-01   4.62529933E-06
  8.67214923E+04   1.10250000E-12   5.84805799E-06   1.23665212E-01   1.31849079E+03   5.00000000E-01   5.12485666E-06
  7.93361445E+04   1.10250000E-12   8.48772880E-06   5.60369351E-01   5.22359106E+02   5.00000000E-01   3.73146572E-06
  4.33593072E+04   1.10250000E-12   6.56940226E-06   1.00964920E-01   9.29307925E+02   5.00000000E-01   5.90612308E-06
  8.68637765E+04   1.10250000E-12   6.47229401E-06   3.96913342E-01   1.03551837E+03   5.00000000E-01   3.90335416E-06
  6.84575970E+04   1.10250000E-12   7.64137677E-06   6.76294873E-01   8.54079689E+02   5.00000000E-01   2.47355284E-06
  7.29497948E+04   1.10250000E-12   9.52867371E-06   9.21493887E-01   1.39864752E+03   5.00000000E-01   7.48059140E-07
  9.15867963E+04   1.10250000E-12   8.01448841E-06   4.01495158E-01   5.46664780E+02   5.00000000E-01   4.79671012E-06
  7.96513745E+04   1.10250000E-12   6.13188543E-06   3.05282463E-02   1.14161654E+03   5.00000000E-01   5.94468972E-06
  4.22185959E+04   1.10250000E-12   7.09573940E-06   7.68464853E-01   1.34881250E+03   5.00000000E-01   1.64291306E-06
  1.02976330E+05   1.10250000E-12   6.25186485E-06   5.78218167E-01   1.33524074E+03   5.00000000E-01   2.63692302E-06
  7.85296061E+04   1.10250000E-12   1.08289385E-05   9.49457495E-01   1.43843241E+03   5.00000000E-01   5.47321681E-07
  4.99868283E+04   1.10250000E-12   6.06913590E-06   2.75600871E-01   1.20253357E+03   5.00000000E-01   4.39647676E-06
  4.85456330E+04   1.10250000E-12   8.97600276E-06   6.75963530E-01   5.26597339E+02   5.00000000E-01   2.90855225E-06
  6.46749261E+04   1.10250000E-12   5.98159359E-06   4.39961012E-01   1.34429561E+03   5.00000000E-01   3.34992562E-06
  6.62078551E+04   1.10250000E-12   6.83837360E-06   5.52366037E-01   9.89887131E+02   5.00000000E-01   3.06108828E-06
  5.10840512E+04   1.10250000E-12   7.86192146E-06   4.25049738E-01   5.86684481E+02   5.00000000E-01   4.52021380E-06
  4.71232348E+04   1.10250000E-12   6.16387187E-06   4.68436510E-01   1.25266583E+03   5.00000000E-01   3.27648924E-06
  9.88821895E+04   1.10250000E-12   8.16907289E-06   5.78861925E-01   5.98988047E+02   5.00000000E-01   3.44030763E-06
  9.67640254E+04   1.10250000E-12   1.18625075E-05   9.51460645E-01   1.13709323E+03   5.00000000E-01   5.75798460E-07
  4.26896525E+04   1.10250000E-12   8.02933444E-06   7.72434640E-01   9.43112818E+02   5.00000000E-01   1.82719839E-06
  5.67639851E+04   1.10250000E-12   7.36001819E-06   8.14877213E-01   1.43858018E+03   5.00000000E-01   1.36250708E-06
  4.40774626E+04   1.10250000E-12   8.17529812E-06   7.71453039E-01   8.90594887E+02   5.00000000E-01   1.86843954E-06
  7.84259657E+04   1.10250000E-12   7.55311708E-06   6.49828760E-01   8.41819262E+02   5.00000000E-01   2.64488437E-06
  4.00471180E+04   1.10250000E-12   7.18221060E-06   7.98672529E-01   1.44822872E+03   5.00000000E-01   1.44597630E-06
  5.89097307E+04   1.10250000E-12   6.94323525E-06   5.53577686E-01   9.46977049E+02   5.00000000E-01   3.09961514E-06
  4.97045087E+04   1.10250000E-12   6.14355387E-06   3.04467501E-01   1.16805941E+03   5.00000000E-01   4.27304137E-06
  1.00465480E+05   1.10250000E-12   7.44164494E-06   7.85017810E-01   1.23719893E+03   5.00000000E-01   1.59982113E-06
  9.48781292E+04   1.10250000E-12   9.34900837E-06   9.22254269E-01   1.49416005E+03   5.00000000E-01   7.26845485E-07
  7.26352504E+04   1.10250000E-12   6.44495372E-06   3.29801756E-01   1.01975538E+03   5.00000000E-01   4.31939667E-06
  9.86870270E+04   1.10250000E-12   1.07552834E-05   9.37615289E-01   1.20392614E+03   5.00000000E-01   6.70965243E-07
  1.03390925E+05   1.10250000E-12   8.08158041E-06   8.46353317E-01   1.26644311E+03   5.00000000E-01   1.24170802E-06
  8.58944713E+04   1.10250000E-12   6.68689632E-06   3.74262417E-01   9.28970847E+02   5.00000000E-01   4.18424234E-06
  7.52503856E+04   1.10250000E-12   6.54630403E-06   5.24746543E-01   1.09667574E+03   5.00000000E-01   3.11115362E-06
  9.37645872E+04   1.10250000E-12   6.73724651E-06   1.71786795E-01   8.65067412E+02   5.00000000E-01   5.57987652E-06
  6.09253612E+04   1.10250000E-12   5.91844255E-06   2.11600584E-01   1.28174598E+03   5.00000000E-01   4.66609665E-06
  5.61226309E+04   1.10250000E-12   6.44462237E-06   5.06249981E-01   1.12993041E+03   5.00000000E-01   3.18203242E-06
  8.48990320E+04   1.10250000E-12   6.98131658E-06   7.61578025E-01   1.38555214E+03   5.00000000E-01   1.66449929E-06
  6.20230717E+04   1.10250000E-12   6.36481203E-06   6.16843614E-01   1.33384464E+03   5.00000000E-01   2.43871837E-06
  6.50231495E+04   1.10250000E-12   1.23143359E-05   9.14819520E-01   6.01330985E+02   5.00000000E-01   1.04894104E-06
  4.73197564E+04   1.10250000E-12   7.89744715E-06   7.18964902E-01   8.50396839E+02   5.00000000E-01   2.21945984E-06
  6.09610999E+04   1.10250000E-12   6.95891593E-06   6.04434233E-01   1.00237426E+03   5.00000000E-01   2.75270891E-06
  5.90461961E+04   1.10250000E-12   1.27602325E-05   9.17277330E-01   5.55122893E+02   5.00000000E-01   1.05556051E-06
  7.14256005E+04   1.10250000E-12   7.87765002E-06   3.00582655E-01   5.53423326E+02   5.00000000E-01   5.50976506E-06
  4.77789594E+04   1.10250000E-12   7.37756551E-06   8.23051183E-01   1.48143439E+03   5.00000000E-01   1.30545149E-06
  8.32805162E+04   1.10250000E-12   5.75005265E-06   8.05877802E-02   1.38516619E+03   5.00000000E-01   5.28666867E-06
  3.93508830E+04   1.10250000E-12   6.85328056E-06   2.60680805E-01   8.32447189E+02   5.00000000E-01   5.06676186E-06
  7.97048701E+04   1.10250000E-12   6.90832173E-06   5.18851976E-01   9.27922462E+02   5.00000000E-01   3.32392535E-06
  8.06312068E+04   1.10250000E-12   6.03931766E-06   4.05570271E-01   1.28029569E+03   5.00000000E-01   3.58994996E-06
  5.67990722E+04   1.10250000E-12   6.99593449E-06   2.08970384E-01   7.75772020E+02   5.00000000E-01   5.53399138E-06
  7.38995393E+04   1.10250000E-12   5.78926417E-06   3.11040579E-01   1.39858655E+03   5.00000000E-01   3.98856809E-06
  6.55254662E+04   1.10250000E-12   7.52498289E-06   4.54850197E-01   6.81859340E+02   5.00000000E-01   4.10224294E-06
  8.63541226E+04   1.10250000E-12   6.14061318E-06   5.35757740E-01   1.34329835E+03   5.00000000E-01   2.85073214E-06
  7.02055409E+04   1.10250000E-12   5.97622642E-06   7.71141036E-02   1.23369572E+03   5.00000000E-01   5.51537508E-06
  5.83408708E+04   1.10250000E-12   7.20881859E-06   4.17091234E-01   7.57550442E+02   5.00000000E-01   4.20208355E-06
  6.64677341E+04   1.10250000E-12   8.68960376E-06   7.09248324E-01   6.23630651E+02   5.00000000E-01   2.52651686E-06
  7.58286979E+04   1.10250000E-12   7.84328979E-06   7.73362669E-01   1.01496094E+03   5.00000000E-01   1.77758226E-06
  7.21375145E+04   1.10250000E-12   6.43513428E-06   2.02467967E-01   9.95948219E+02   5.00000000E-01   5.13222572E-06
  3.95192425E+04   1.10250000E-12   6.51626521E-06   5.93707984E-01   1.20300827E+03   5.00000000E-01   2.64750653E-06
  8.03425944E+04   1.10250000E-12   5.93529964E-06   2.07935963E-01   1.27023557E+03   5.00000000E-01   4.70113739E-06
  1.04544726E+05   1.15762500E-12   5.94394484E-06   1.23665212E-01   1.31849079E+03   7.50000000E-01   5.20888564E-06
  9.84872039E+04   1.15762500E-12   8.62689663E-06   5.60369351E-01   5.22359106E+02   7.50000000E-01   3.79264816E-06
  6.22665705E+04   1.15762500E-12   6.67711652E-06   1.00964920E-01   9.29307925E+02   7.50000000E-01   6.00296198E-06
  8.75191113E+04   1.15762500E-12   7.76666751E-06   6.76294873E-01   8.54079689E+02   7.50000000E-01   2.51411010E-06
  9.78515350E+04   1.15762500E-12   6.23242601E-06   3.05282463E-02   1.14161654E+03   7.50000000E-01   6.04216097E-06
  6.13304311E+04   1.15762500E-12   7.21208368E-06   7.68464853E-01   1.34881250E+03   7.50000000E-01   1.66985085E-06
  9.82200008E+04   1.15762500E-12   1.10064936E-05   9.49457495E-01   1.43843241E+03   7.50000000E-01   5.56295763E-07
  6.86240280E+04   1.15762500E-12   6.16864762E-06   2.75600871E-01   1.20253357E+03   7.50000000E-01   4.46856296E-06
  6.81520635E+04   1.15762500E-12   9.12317650E-06   6.75963530E-01   5.26597339E+02   7.50000000E-01   2.95624191E-06
  8.30940026E+04   1.15762500E-12   6.07966993E-06   4.39961012E-01   1.34429561E+03   7.50000000E-01   3.40485219E-06
  8.50045753E+04   1.15762500E-12   6.95049802E-06   5.52366037E-01   9.89887131E+02   7.50000000E-01   3.11127897E-06
  7.03911408E+04   1.15762500E-12   7.99082832E-06   4.25049738E-01   5.86684481E+02   7.50000000E-01   4.59432884E-06
  6.58281375E+04   1.15762500E-12   6.26493691E-06   4.68436510E-01   1.25266583E+03   7.50000000E-01   3.33021173E-06
  6.20894230E+04   1.15762500E-12   8.16098627E-06   7.72434640E-01   9.43112818E+02   7.50000000E-01   1.85715778E-06
  7.58653411E+04   1.15762500E-12   7.48069567E-06   8.14877213E-01   1.43858018E+03   7.50000000E-01   1.38484724E-06
  6.35105317E+04   1.15762500E-12   8.30934323E-06   7.71453039E-01   8.90594887E+02   7.50000000E-01   1.89907514E-06
  9.72910133E+04   1.15762500E-12   7.67696069E-06   6.49828760E-01   8.41819262E+02   7.50000000E-01   2.68825084E-06
  5.91981546E+04   1.15762500E-12   7.29997269E-06   7.98672529E-01   1.44822872E+03   7.50000000E-01   1.46968504E-06
  7.78395766E+04   1.15762500E-12   7.05707901E-06   5.53577686E-01   9.46977049E+02   7.50000000E-01   3.15043754E-06
  6.83799999E+04   1.15762500E-12   6.24428577E-06   3.04467501E-01   1.16805941E+03   7.50000000E-01   4.34310369E-06
  9.11511402E+04   1.15762500E-12   6.55062748E-06   3.29801756E-01   1.01975538E+03   7.50000000E-01   4.39021904E-06
  1.04216071E+05   1.15762500E-12   6.79653706E-06   3.74262417E-01   9.28970847E+02   7.50000000E-01   4.25284867E-06
  9.37627421E+04   1.15762500E-12   6.65363956E-06   5.24746543E-01   1.09667574E+03   7.50000000E-01   3.16216521E-06
  7.93656386E+04   1.15762500E-12   6.01548345E-06   2.11600584E-01   1.28174598E+03   7.50000000E-01   4.74260363E-06
  7.48762723E+04   1.15762500E-12   6.55029070E-06   5.06249981E-01   1.12993041E+03   7.50000000E-01   3.23420615E-06
  1.03385124E+05   1.15762500E-12   7.09578474E-06   7.61578025E-01   1.38555214E+03   7.50000000E-01   1.69179101E-06
  8.06706103E+04   1.15762500E-12   6.46917176E-06   6.16843614E-01   1.33384464E+03   7.50000000E-01   2.47870447E-06
  8.50763986E+04   1.15762500E-12   1.25162461E-05   9.14819520E-01   6.01330985E+02   7.50000000E-01   1.06613985E-06
  6.66597690E+04   1.15762500E-12   8.02693651E-06   7.18964902E-01   8.50396839E+02   7.50000000E-01   2.25585089E-06
  7.98738219E+04   1.15762500E-12   7.07301680E-06   6.04434233E-01   1.00237426E+03   7.50000000E-01   2.79784331E-06
  7.91932913E+04   1.15762500E-12   1.29694538E-05   9.17277330E-01   5.55122893E+02   7.50000000E-01   1.07286785E-06
  9.05221765E+04   1.15762500E-12   8.00681479E-06   3.00582655E-01   5.53423326E+02   7.50000000E-01   5.60010514E-06
  6.69558671E+04   1.15762500E-12   7.49853070E-06   8.23051183E-01   1.48143439E+03   7.50000000E-01   1.32685613E-06
  1.01150513E+05   1.15762500E-12   5.84433256E-06   8.05877802E-02   1.38516619E+03   7.50000000E-01   5.37335077E-06
  5.83883864E+04   1.15762500E-12   6.96564939E-06   2.60680805E-01   8.32447189E+02   7.50000000E-01   5.14983830E-06
  9.82863031E+04   1.15762500E-12   7.02159304E-06   5.18851976E-01   9.27922462E+02   7.50000000E-01   3.37842561E-06
  9.87534917E+04   1.15762500E-12   6.13834047E-06   4.05570271E-01   1.28029569E+03   7.50000000E-01   3.64881206E-06
  7.57712458E+04   1.15762500E-12   7.11064233E-06   2.08970384E-01   7.75772020E+02   7.50000000E-01   5.62472867E-06
  9.20382130E+04   1.15762500E-12   5.88418701E-06   3.11040579E-01   1.39858655E+03   7.50000000E-01   4.05396608E-06
  8.45875767E+04   1.15762500E-12   7.64836519E-06   4.54850197E-01   6.81859340E+02   7.50000000E-01   4.16950477E-06
  1.04368975E+05   1.15762500E-12   6.24129687E-06   5.35757740E-01   1.34329835E+03   7.50000000E-01   2.89747376E-06
  8.85269602E+04   1.15762500E-12   6.07421477E-06   7.71141036E-02   1.23369572E+03   7.50000000E-01   5.60580714E-06
  7.73754617E+04   1.15762500E-12   7.32701696E-06   4.17091234E-01   7.57550442E+02   7.50000000E-01   4.27098241E-06
  8.58596245E+04   1.15762500E-12   8.83208160E-06   7.09248324E-01   6.23630651E+02   7.50000000E-01   2.56794253E-06
  9.48417946E+04   1.15762500E-12   7.97189117E-06   7.73362669E-01   1.01496094E+03   7.50000000E-01   1.80672814E-06
  9.06581385E+04   1.15762500E-12   6.54064703E-06   2.02467967E-01   9.95948219E+02   7.50000000E-01   5.21637552E-06
  5.84226123E+04   1.15762500E-12   6.62310822E-06   5.93707984E-01   1.20300827E+03   7.50000000E-01   2.69091599E-06
  9.84116970E+04   1.15762500E-12   6.03261693E-06   2.07935963E-01   1.27023557E+03   7.50000000E-01   4.77821892E-06
  8.09089382E+04   1.21550625E-12   6.78659691E-06   1.00964920E-01   9.29307925E+02   1.00000000E+00   6.10138869E-06
  8.02029307E+04   1.21550625E-12   7.33033557E-06   7.68464853E-01   1.34881250E+03   1.00000000E+00   1.69723032E-06
  8.69184900E+04   1.21550625E-12   6.26979097E-06   2.75600871E-01   1.20253357E+03   1.00000000E+00   4.54183112E-06
  8.75243934E+04   1.21550625E-12   9.27276336E-06   6.75963530E-01   5.26597339E+02   1.00000000E+00   3.00471351E-06
  1.00995509E+05   1.21550625E-12   6.17935437E-06   4.39961012E-01   1.34429561E+03   1.00000000E+00   3.46067937E-06
  1.03318043E+05   1.21550625E-12   7.06446086E-06   5.52366037E-01   9.89887131E+02   1.00000000E+00   3.16229262E-06
  8.94153085E+04   1.21550625E-12   8.12184880E-06   4.25049738E-01   5.86684481E+02   1.00000000E+00   4.66965910E-06
  8.42210076E+04   1.21550625E-12   6.36765905E-06   4.68436510E-01   1.25266583E+03   1.00000000E+00   3.38481507E-06
  8.12714696E+04   1.21550625E-12   8.29479671E-06   7.72434640E-01   9.43112818E+02   1.00000000E+00   1.88760840E-06
  9.46162181E+04   1.21550625E-12   7.60335183E-06   8.14877213E-01   1.43858018E+03   1.00000000E+00   1.40755368E-06
  8.27202524E+04   1.21550625E-12   8.44558618E-06   7.71453039E-01   8.90594887E+02   1.00000000E+00   1.93021306E-06
  7.81276392E+04   1.21550625E-12   7.41966565E-06   7.98672529E-01   1.44822872E+03   1.00000000E+00   1.49378252E-06
  9.63786374E+04   1.21550625E-12   7.17278939E-06   5.53577686E-01   9.46977049E+02   1.00000000E+00   3.20209324E-06
  8.67189199E+04   1.21550625E-12   6.34666931E-06   3.04467501E-01   1.16805941E+03   1.00000000E+00   4.41431476E-06
  9.73342177E+04   1.21550625E-12   6.11411546E-06   2.11600584E-01   1.28174598E+03   1.00000000E+00   4.82036506E-06
  9.32441359E+04   1.21550625E-12   6.65769160E-06   5.06249981E-01   1.12993041E+03   1.00000000E+00   3.28723535E-06
  9.88605578E+04   1.21550625E-12   6.57524261E-06   6.16843614E-01   1.33384464E+03   1.00000000E+00   2.51934619E-06
  1.04850865E+05   1.21550625E-12   1.27214670E-05   9.14819520E-01   6.01330985E+02   1.00000000E+00   1.08362066E-06
  8.57466054E+04   1.21550625E-12   8.15854903E-06   7.18964902E-01   8.50396839E+02   1.00000000E+00   2.29283863E-06
  9.83740745E+04   1.21550625E-12   7.18898850E-06   6.04434233E-01   1.00237426E+03   1.00000000E+00   2.84371775E-06
  9.91121298E+04   1.21550625E-12   1.31821056E-05   9.17277330E-01   5.55122893E+02   1.00000000E+00   1.09045898E-06
  8.58605171E+04   1.21550625E-12   7.62147929E-06   8.23051183E-01   1.48143439E+03   1.00000000E+00   1.34861174E-06
  7.71998940E+04   1.21550625E-12   7.07986066E-06   2.60680805E-01   8.32447189E+02   1.00000000E+00   5.23427688E-06
  9.43768505E+04   1.21550625E-12   7.22723096E-06   2.08970384E-01   7.75772020E+02   1.00000000E+00   5.71695373E-06
  1.03212234E+05   1.21550625E-12   7.77377052E-06   4.54850197E-01   6.81859340E+02   1.00000000E+00   4.23786946E-06
  9.60373948E+04   1.21550625E-12   7.44715334E-06   4.17091234E-01   7.57550442E+02   1.00000000E+00   4.34101096E-06
  1.04854937E+05   1.21550625E-12   8.97689556E-06   7.09248324E-01   6.23630651E+02   1.00000000E+00   2.61004743E-06
  7.70886820E+04   1.21550625E-12   6.73170306E-06   5.93707984E-01   1.20300827E+03   1.00000000E+00   2.73503721E-06
  9.90902695E+04   1.27628156E-12   6.89787237E-06   1.00964920E-01   9.29307925E+02   1.25000000E+00   6.20142924E-06
  9.86541978E+04   1.27628156E-12   7.45052637E-06   7.68464853E-01   1.34881250E+03   1.25000000E+00   1.72505872E-06
  1.04627992E+05   1.27628156E-12   6.37259270E-06   2.75600871E-01   1.20253357E+03   1.25000000E+00   4.61630060E-06
  1.02078713E+05   1.27628156E-12   6.47206546E-06   4.68436510E-01   1.25266583E+03   1.25000000E+00   3.44031370E-06
  1.00066533E+05   1.27628156E-12   8.43080116E-06   7.72434640E-01   9.43112818E+02   1.25000000E+00   1.91855830E-06
  1.01533763E+05   1.27628156E-12   8.58406303E-06   7.71453039E-01   8.90594887E+02   1.25000000E+00   1.96186152E-06
  9.66637622E+04   1.27628156E-12   7.54132113E-06   7.98672529E-01   1.44822872E+03   1.25000000E+00   1.51827511E-06
  1.04482451E+05   1.27628156E-12   6.45073157E-06   3.04467501E-01   1.16805941E+03   1.25000000E+00   4.48669344E-06
  1.04388125E+05   1.27628156E-12   8.29231951E-06   7.18964902E-01   8.50396839E+02   1.25000000E+00   2.33043283E-06
  1.04289545E+05   1.27628156E-12   7.74644378E-06   8.23051183E-01   1.48143439E+03   1.25000000E+00   1.37072406E-06
  9.56109126E+04   1.27628156E-12   7.19594458E-06   2.60680805E-01   8.32447189E+02   1.25000000E+00   5.32009995E-06
  9.53366055E+04   1.27628156E-12   6.84207847E-06   5.93707984E-01   1.20300827E+03   1.25000000E+00   2.77988186E-06
