# Knollenberg & Hunten 1980 (JGR 85, 8039), Table 4 — LCPS size-distribution params
# Pioneer Venus sounder probe (single descent). Digitized from PDF p.8.
# Mode 1 & 3 = LOG-NORMAL; Mode 2 = GAUSSIAN.
# SIZE COLUMNS ARE DIAMETERS [um]; model radius = D/2.
#   (mode-3 D 7.2-7.4um -> r 3.6-3.7um matches Pollack/Haus 3.65um, confirming diameter convention)
# CAVEAT: modes 1&2 radius/diameter & Gaussian mean/sigma assignment inferred from OCR;
#         verify against paper before quantitative use of KH80 modes 1&2. Mode 3 is solid.
# N in cm-3; lognormal sigma_g unitless; Gaussian sigma in um (diameter). N=0 -> mode absent.
# z_km  m1_N m1_sigg m1_Dum   m2_N m2_sigD m2_Dmean   m3_N m3_sigg m3_Dum
 34.850     46  1.57  0.25       0  0.00   0.00       0  0.00  0.00
 40.975     41  1.57  0.25       0  0.00   0.00       0  0.00  0.00
 44.775    218  1.57  0.25       0  0.00   0.00       0  0.00  0.00
 46.375    179  1.80  0.30      34  0.85   2.90       0  0.00  0.00
 46.975    128  1.70  0.28       0  0.00   0.00       0  0.00  0.00
 47.625    474  2.02  0.35     111  1.25   2.10       0  0.00  0.00
 48.025    233  1.80  0.40      59  0.66   2.14      33  1.29  7.20
 48.525    404  1.80  0.40      75  0.55   2.60      72  1.29  7.20
 49.000    563  1.80  0.40      71  0.60   2.73     177  1.29  7.20
 49.475    528  1.80  0.40      57  0.75   2.58     126  1.29  7.20
 49.900    144  1.80  0.35      14  0.60   1.70      15  1.27  7.41
 50.150     93  1.90  0.30      46  0.63   2.45      14  1.27  7.41
 50.600    121  1.90  0.30      52  0.68   2.70      39  1.27  7.41
 50.850    110  1.90  0.30      56  0.63   2.70      40  1.27  7.41
 51.000    122  1.90  0.30      54  0.59   2.73      48  1.26  7.28
 52.050    112  1.90  0.30      44  0.65   2.73      35  1.26  7.28
 53.025     99  1.90  0.30      37  0.55   2.80      38  1.26  7.28
 53.575     72  1.90  0.30      38  0.55   2.70      50  1.26  7.28
 54.100     86  1.90  0.30      32  0.48   2.80      32  1.25  7.40
 54.550     69  1.90  0.30      30  0.49   2.73      37  1.25  7.40
 55.100     69  1.90  0.30      31  0.44   2.83      30  1.25  7.40
 55.800     69  2.16  0.35      30  0.74   2.54      17  1.25  7.40
 56.650     54  2.16  0.35      29  0.82   2.38       0  0.00  0.00
 57.625    197  2.16  0.35      58  0.87   2.12       0  0.00  0.00
 58.575    348  2.16  0.35      63  0.91   2.26       0  0.00  0.00
 59.600    608  2.16  0.35      71  0.84   2.28       0  0.00  0.00
 60.725    544  2.16  0.35      64  0.69   2.32       0  0.00  0.00
 61.875    521  2.16  0.35      53  0.80   2.20       0  0.00  0.00
 63.150    336  2.16  0.35      41  0.68   2.20       0  0.00  0.00
 64.500    211  2.16  0.35      22  0.68   2.38       0  0.00  0.00
 65.650    181  2.16  0.35       9  0.50   1.33       0  0.00  0.00
